451 3411.887400 5.325E-53 3.767E-07.05000.05012778.81530.750.000000              4              3                    Q  4q     350000 1 1 0 0 0 0     9.0    9.0
451 3423.839900 4.178E-65 2.267E-07.05000.05018581.71030.750.000000              6              5                    S  1q     350000 1 1 0 0 0 0    21.0    9.0
451 3424.509900 1.325E-72 7.733E-08.05000.05022005.55020.750.000000              7              6                    S  3q     350000 1 1 0 0 0 0    33.0   21.0
451 3434.206000 8.865E-52 3.997E-07.05000.05012384.08180.750.000000              4              3                    Q  3q     350000 1 1 0 0 0 0    21.0   21.0
451 3435.739500 1.232E-81 6.857E-08.05000.05026370.30020.750.000000              8              7                    S  7q     350000 1 1 0 0 0 0    57.0   45.0
451 3437.474100 1.227E-85 4.761E-07.05000.05028284.69500.750.000000             10              8                    O  6q     350000 1 1 0 0 0 0     9.0   13.0
451 3439.594500 8.197E-77 4.673E-08.05000.05023836.65360.750.000000              6              4                    O 14q     350000 1 1 0 0 0 0    25.0   29.0
451 3440.758100 3.714E-53 2.203E-07.05000.05013191.15250.750.000000              2              1                    Q 13q     350000 1 1 0 0 0 0    81.0   81.0
451 3448.613600 7.937E-71 5.335E-12.05000.05019212.98830.750.000000              2              0                    O 20q     350000 1 1 0 0 0 0    37.0   41.0
451 3449.025500 7.007E-52 3.113E-07.05000.05012584.71620.750.000000              3              2                    Q  9q     350000 1 1 0 0 0 0    57.0   57.0
451 3450.265700 1.964E-54 1.205E-07.05000.05013485.98970.750.000000              1              0                    Q 16q     350000 1 1 0 0 0 0    33.0   33.0
451 3451.046300 9.837E-52 4.390E-07.05000.05012084.69700.750.000000              4              3                    Q  2q     350000 1 1 0 0 0 0     5.0    5.0
451 3462.322000 6.657E-51 6.247E-07.05000.05011883.48780.750.000000              4              3                    Q  1q     350000 1 1 0 0 0 0     9.0    9.0
451 3469.475200 4.370E-72 4.910E-09.05000.05021400.68450.750.000000              4              2                    O 17q     350000 1 1 0 0 0 0    93.0  105.0
451 3472.176700 6.257E-83 1.449E-07.05000.05026927.53170.750.000000              8              7                    S  8q     350000 1 1 0 0 0 0    21.0   17.0
451 3474.342100 6.271E-86 5.087E-07.05000.05028884.04040.750.000000              8              7                    S 11q     350000 1 1 0 0 0 0    81.0   69.0
451 3491.155500 1.812E-83 2.485E-07.05000.05027535.95040.750.000000              8              7                    S  9q     350000 1 1 0 0 0 0    69.0   57.0
451 3492.088100 4.102E-85 3.733E-07.05000.05028190.03060.750.000000              8              7                    S 10q     350000 1 1 0 0 0 0    25.0   21.0
451 3496.774500 1.375E-50 3.338E-07.05000.05011732.11480.750.000000              3              2                    Q  8q     350000 1 1 0 0 0 0    17.0   17.0
451 3498.434400 2.503E-78 1.121E-07.05000.05024691.59620.750.000000              7              5                    O 12q     350000 1 1 0 0 0 0    21.0   25.0
451 3505.564500 3.390E-51 2.412E-07.05000.05012031.60910.750.000000              2              1                    Q 12q     350000 1 1 0 0 0 0    25.0   25.0
451 3509.977900 1.223E-58 2.719E-07.05000.05015250.36570.750.000000              5              4                    S  0q     350000 1 1 0 0 0 0     5.0    1.0
451 3513.677700 9.474E-83 3.629E-07.05000.05026927.53170.750.000000              9              7                    O  8q     350000 1 1 0 0 0 0    13.0   17.0
451 3525.774600 4.407E-51 1.335E-07.05000.05012123.81910.750.000000              1              0                    Q 15q     350000 1 1 0 0 0 0    93.0   93.0
451 3527.609600 2.606E-80 2.220E-07.05000.05025724.35880.750.000000              8              6                    O 10q     350000 1 1 0 0 0 0    17.0   21.0
451 3536.653800 5.256E-74 4.076E-08.05000.05022332.85580.750.000000              7              6                    S  4q     350000 1 1 0 0 0 0    13.0    9.0
451 3539.825400 1.646E-48 3.551E-07.05000.05010955.61770.750.000000              3              2                    Q  7q     350000 1 1 0 0 0 0    45.0   45.0
451 3565.333700 1.576E-69 8.150E-10.05000.05019595.53450.750.000000              3              1                    O 18q     350000 1 1 0 0 0 0    33.0   37.0
451 3565.340200 7.428E-73 2.102E-08.05000.05022024.77160.750.000000              5              3                    O 15q     350000 1 1 0 0 0 0    81.0   93.0
451 3566.565500 2.107E-48 2.618E-07.05000.05010926.97290.750.000000              2              1                    Q 11q     350000 1 1 0 0 0 0    69.0   69.0
451 3568.221700 1.672E-27 4.219E-07.05000.050  705.51890.750.000000              1              0                    O  3q     350000 1 1 0 0 0 0     9.0   21.0
451 3572.512200 6.603E-66 2.169E-07.05000.05018760.34360.750.000000              6              5                    S  2q     350000 1 1 0 0 0 0     9.0    5.0
451 3577.984800 1.439E-47 3.754E-07.05000.05010261.12850.750.000000              3              2                    Q  6q     350000 1 1 0 0 0 0    13.0   13.0
451 3589.164100 5.490E-36 1.278E-06.05000.050 4497.83850.750.000000              2              1                    O  2q     350000 1 1 0 0 0 0     1.0    5.0
451 3598.208300 8.988E-49 1.466E-07.05000.05010801.01210.750.000000              1              0                    Q 14q     350000 1 1 0 0 0 0    29.0   29.0
451 3611.070900 7.210E-46 3.950E-07.05000.050 9654.19720.750.000000              3              2                    Q  5q     350000 1 1 0 0 0 0    33.0   33.0
451 3615.229700 2.357E-84 6.113E-07.05000.05027881.66970.750.000000             10              8                    O  5q     350000 1 1 0 0 0 0    21.0   33.0
451 3623.544100 1.067E-46 2.823E-07.05000.050 9883.73750.750.000000              2              1                    Q 10q     350000 1 1 0 0 0 0    21.0   21.0
451 3634.714200 6.769E-75 1.134E-08.05000.05022735.58600.750.000000              7              6                    S  5q     350000 1 1 0 0 0 0    45.0   33.0
451 3638.917700 2.477E-45 4.148E-07.05000.050 9139.89760.750.000000              3              2                    Q  4q     350000 1 1 0 0 0 0     9.0    9.0
451 3646.054900 3.570E-74 6.349E-08.05000.05022834.47140.750.000000              6              4                    O 13q     350000 1 1 0 0 0 0    69.0   81.0
451 3650.352500 5.295E-67 1.148E-11.05000.05017750.33200.750.000000              2              0                    O 19q     350000 1 1 0 0 0 0   105.0  117.0
451 3661.379800 4.581E-44 4.381E-07.05000.050 8722.70200.750.000000              3              2                    Q  3q     350000 1 1 0 0 0 0    21.0   21.0
451 3667.360900 1.309E-45 1.599E-07.05000.050 9523.79160.750.000000              1              0                    Q 13q     350000 1 1 0 0 0 0    81.0   81.0
451 3674.942700 6.957E-70 6.818E-09.05000.05020161.71090.750.000000              4              2                    O 16q     350000 1 1 0 0 0 0    29.0   33.0
451 3675.799700 3.633E-96 4.774E-10.05000.05032422.47680.750.000000              3              0                    O 29q     350000 1 1 0 0 0 0   165.0  177.0
451 3676.275400 3.445E-44 3.018E-07.05000.050 8908.44080.750.000000              2              1                    Q  9q     350000 1 1 0 0 0 0    57.0   57.0
451 3678.336100 5.504E-44 4.794E-07.05000.050 8406.36090.750.000000              3              2                    Q  2q     350000 1 1 0 0 0 0     5.0    5.0
451 3680.194500 3.677E-58 3.403E-07.05000.05015345.80980.750.000000              5              4                    S  1q     350000 1 1 0 0 0 0    21.0    9.0
451 3689.693500 3.929E-43 6.808E-07.05000.050 8193.79430.750.000000              3              2                    Q  1q     350000 1 1 0 0 0 0     9.0    9.0
451 3704.278100 5.344E-76 1.513E-07.05000.05023831.67230.750.000000              7              5                    O 11q     350000 1 1 0 0 0 0    57.0   69.0
451 3706.867200 4.242E-81 4.747E-07.05000.05026370.30020.750.000000              9              7                    O  7q     350000 1 1 0 0 0 0    33.0   45.0
451 3709.581700 5.107E-66 1.795E-07.05000.05019026.00430.750.000000              6              5                    S  3q     350000 1 1 0 0 0 0    33.0   21.0
451 3709.976400 7.109E-95 1.301E-09.05000.05031997.59120.750.000000              4              1                    O 27q     350000 1 1 0 0 0 0   153.0  165.0
451 3717.774100 4.777E-79 2.222E-11.05000.05023209.75760.750.000000              7              6                    S  6q     350000 1 1 0 0 0 0    17.0   13.0
451 3724.532600 8.482E-43 3.207E-07.05000.050 8007.58220.750.000000              2              1                    Q  8q     350000 1 1 0 0 0 0    17.0   17.0
451 3729.521800 2.602E-78 2.956E-07.05000.05025013.57150.750.000000              8              6                    O  9q     350000 1 1 0 0 0 0    45.0   57.0
451 3730.952400 4.257E-94 1.878E-09.05000.05031685.72430.750.000000              5              2                    O 25q     350000 1 1 0 0 0 0   141.0  153.0
451 3733.007700 1.628E-43 1.730E-07.05000.050 8298.60140.750.000000              1              0                    Q 12q     350000 1 1 0 0 0 0    25.0   25.0
451 3734.726200 8.285E-94 1.553E-09.05000.05031490.93800.750.000000              6              3                    O 23q     350000 1 1 0 0 0 0   129.0  141.0
451 3753.352400 2.837E-51 3.445E-07.05000.05011782.39090.750.000000              4              3                    S  0q     350000 1 1 0 0 0 0     5.0    1.0
451 3768.092100 1.247E-40 3.386E-07.05000.050 7187.52560.750.000000              2              1                    Q  7q     350000 1 1 0 0 0 0    45.0   45.0
451 3771.354400 3.998E-66 1.205E-09.05000.05018253.41720.750.000000              3              1                    O 17q     350000 1 1 0 0 0 0    93.0  105.0
451 3773.398100 6.110E-71 2.895E-08.05000.05020918.19810.750.000000              5              3                    O 14q     350000 1 1 0 0 0 0    25.0   29.0
451 3779.469800 2.879E-86 9.945E-07.05000.05028962.76890.750.000000              7              6                    S 14q     350000 1 1 0 0 0 0    33.0   29.0
451 3785.105500 8.239E-77 1.644E-08.05000.05023750.84490.750.000000              7              6                    S  7q     350000 1 1 0 0 0 0    57.0   45.0
451 3786.501500 3.489E-84 7.862E-07.05000.05027538.44900.750.000000             10              8                    O  4q     350000 1 1 0 0 0 0     5.0    9.0
451 3794.909400 1.356E-40 1.860E-07.05000.050 7132.06350.750.000000              1              0                    Q 11q     350000 1 1 0 0 0 0    69.0   69.0
451 3806.739800 1.309E-39 3.558E-07.05000.050 6454.38870.750.000000              2              1                    Q  6q     350000 1 1 0 0 0 0    13.0   13.0
451 3806.793000 1.818E-27 8.527E-07.05000.050  354.37320.750.000000              1              0                    O  2q     350000 1 1 0 0 0 0     1.0    5.0
451 3833.729100 2.427E-67 1.267E-07.05000.05019376.02850.750.000000              6              5                    S  4q     350000 1 1 0 0 0 0    13.0    9.0
451 3834.001100 4.164E-84 8.146E-07.05000.05028105.63640.750.000000              7              6                    S 13q     350000 1 1 0 0 0 0    93.0   81.0
451 3836.147000 6.490E-78 6.769E-08.05000.05024353.88360.750.000000              7              6                    S  8q     350000 1 1 0 0 0 0    21.0   17.0
451 3840.275500 7.681E-38 3.722E-07.05000.050 5813.92170.750.000000              2              1                    Q  5q     350000 1 1 0 0 0 0    33.0   33.0
451 3840.285200 5.855E-59 3.465E-07.05000.05015535.74330.750.000000              5              4                    S  2q     350000 1 1 0 0 0 0     9.0    5.0
451 3852.817200 9.027E-39 1.986E-07.05000.050 6030.92030.750.000000              1              0                    Q 10q     350000 1 1 0 0 0 0    21.0   21.0
451 3854.932600 1.443E-72 8.653E-08.05000.05021869.42620.750.000000              6              4                    O 12q     350000 1 1 0 0 0 0    21.0   25.0
451 3856.904000 4.198E-64 2.872E-11.05000.05016304.80690.750.000000              2              0                    O 18q     350000 1 1 0 0 0 0    33.0   37.0
451 3868.518200 3.015E-37 3.890E-07.05000.050 5271.37940.750.000000              2              1                    Q  4q     350000 1 1 0 0 0 0     9.0    9.0
451 3869.861000 5.510E-83 6.251E-07.05000.05027276.24810.750.000000              7              6                    S 12q     350000 1 1 0 0 0 0    29.0   25.0
451 3870.468900 1.971E-78 1.573E-07.05000.05025013.57150.750.000000              7              6                    S  9q     350000 1 1 0 0 0 0    69.0   57.0
451 3884.349200 8.917E-67 9.679E-09.05000.05018950.12220.750.000000              4              2                    O 15q     350000 1 1 0 0 0 0    81.0   93.0
451 3887.635300 5.177E-81 4.436E-07.05000.05026480.52630.750.000000              7              6                    S 11q     350000 1 1 0 0 0 0    81.0   69.0
451 3887.731600 4.043E-80 2.844E-07.05000.05025724.35880.750.000000              7              6                    S 10q     350000 1 1 0 0 0 0    25.0   21.0
451 3891.310500 6.212E-36 4.094E-07.05000.050 4831.39150.750.000000              2              1                    Q  3q     350000 1 1 0 0 0 0    21.0   21.0
451 3896.909600 1.545E-80 6.142E-07.05000.05025869.50960.750.000000              9              7                    O  6q     350000 1 1 0 0 0 0     9.0   13.0
451 3906.477900 3.760E-36 2.108E-07.05000.050 5001.96290.750.000000              1              0                    Q  9q     350000 1 1 0 0 0 0    57.0   57.0
451 3908.522400 8.097E-36 4.469E-07.05000.050 4497.83850.750.000000              2              1                    Q  2q     350000 1 1 0 0 0 0     5.0    5.0
451 3911.309200 1.012E-74 2.034E-07.05000.05023016.22250.750.000000              7              5                    O 10q     350000 1 1 0 0 0 0    17.0   21.0
451 3920.053700 6.104E-35 6.335E-07.05000.050 4273.74060.750.000000              2              1                    Q  1q     350000 1 1 0 0 0 0     9.0    9.0
451 3925.738700 8.109E-92 1.537E-07.05000.05031490.93800.750.000000              5              3                    Q 23q     350000 1 1 0 0 0 0   141.0  141.0
451 3930.811400 2.207E-77 3.904E-07.05000.05024353.88360.750.000000              8              6                    O  8q     350000 1 1 0 0 0 0    13.0   17.0
451 3934.800000 8.574E-51 4.453E-07.05000.05011883.48780.750.000000              4              3                    S  1q     350000 1 1 0 0 0 0    21.0    9.0
451 3943.849400 5.471E-68 7.096E-08.05000.05019806.99550.750.000000              6              5                    S  5q     350000 1 1 0 0 0 0    45.0   33.0
451 3949.957900 3.025E-83 1.059E-06.05000.05027258.91210.750.000000             10              8                    O  3q     350000 1 1 0 0 0 0     9.0   21.0
451 3955.639200 1.169E-34 2.225E-07.05000.050 4051.94300.750.000000              1              0                    Q  8q     350000 1 1 0 0 0 0    17.0   17.0
451 3981.942700 1.038E-63 1.854E-09.05000.05016936.25540.750.000000              3              1                    O 16q     350000 1 1 0 0 0 0    29.0   33.0
451 3984.782100 3.838E-68 4.023E-08.05000.05019846.89020.750.000000              5              3                    O 13q     350000 1 1 0 0 0 0    69.0   81.0
451 3986.227400 1.508E-93 7.122E-10.05000.05030997.52130.750.000000              3              0                    O 28q     350000 1 1 0 0 0 0    53.0   57.0
451 3988.707700 4.562E-59 3.137E-07.05000.05015818.28780.750.000000              5              4                    S  3q     350000 1 1 0 0 0 0    33.0   21.0
451 3997.694400 1.769E-43 3.854E-07.05000.050 8087.00260.750.000000              3              2                    S  0q     350000 1 1 0 0 0 0     5.0    1.0
451 4000.055100 2.122E-32 2.335E-07.05000.050 3187.47050.750.000000              1              0                    Q  7q     350000 1 1 0 0 0 0    45.0   45.0
451 4000.215100 1.350E-86 1.601E-06.05000.05029453.54360.750.000000              6              5                    S 17q     350000 1 1 0 0 0 0   117.0  105.0
451 4003.484800 2.754E-86 3.482E-07.05000.05028884.04040.750.000000              9              7                    Q 11q     350000 1 1 0 0 0 0    69.0   69.0
451 4021.843300 2.518E-92 1.190E-07.05000.05031685.72430.750.000000              4              2                    Q 25q     350000 1 1 0 0 0 0   153.0  153.0
451 4023.543100 2.165E-92 2.015E-09.05000.05030643.34580.750.000000              4              1                    O 26q     350000 1 1 0 0 0 0    49.0   53.0
451 4034.052100 1.093E-85 4.044E-07.05000.05028284.69500.750.000000             10              8                    Q  6q     350000 1 1 0 0 0 0    13.0   13.0
451 4035.063300 4.228E-92 1.045E-09.05000.05030311.73580.750.000000              7              4                    O 20q     350000 1 1 0 0 0 0    37.0   41.0
451 4036.914700 1.005E-89 2.245E-07.05000.05030311.73580.750.000000              6              4                    Q 20q     350000 1 1 0 0 0 0    41.0   41.0
451 4039.057300 5.861E-70 2.491E-08.05000.05020314.82630.750.000000              6              5                    S  6q     350000 1 1 0 0 0 0    17.0   13.0
451 4039.491700 2.685E-31 2.440E-07.05000.050 2414.89700.750.000000              1              0                    Q  6q     350000 1 1 0 0 0 0    13.0   13.0
451 4046.979800 9.398E-92 3.069E-09.05000.05030408.02580.750.000000              5              2                    O 24q     350000 1 1 0 0 0 0    45.0   49.0
451 4052.519100 1.348E-91 2.813E-09.05000.05030296.13140.750.000000              6              3                    O 22q     350000 1 1 0 0 0 0    41.0   45.0
451 4066.149800 4.247E-70 1.181E-07.05000.05020947.42170.750.000000              6              4                    O 11q     350000 1 1 0 0 0 0    57.0   69.0
451 4068.569700 2.680E-60 7.166E-11.05000.05014881.55250.750.000000              2              0                    O 17q     350000 1 1 0 0 0 0    93.0  105.0
451 4073.732100 1.855E-29 2.543E-07.05000.050 1740.18960.750.000000              1              0                    Q  5q     350000 1 1 0 0 0 0    33.0   33.0
451 4082.803800 3.578E-79 7.904E-07.05000.05025430.06010.750.000000              9              7                    O  5q     350000 1 1 0 0 0 0    21.0   33.0
451 4086.469800 7.353E-87 3.379E-07.05000.05028962.76890.750.000000              8              6                    Q 14q     350000 1 1 0 0 0 0    29.0   29.0
451 4090.016200 4.535E-85 1.413E-06.05000.05028458.81780.750.000000              6              5                    S 16q     350000 1 1 0 0 0 0    37.0   33.0
451 4093.534900 2.103E-87 2.910E-07.05000.05029453.54360.750.000000              7              5                    Q 17q     350000 1 1 0 0 0 0   105.0  105.0
451 4097.855100 1.098E-64 1.397E-08.05000.05017771.57110.750.000000              4              2                    O 14q     350000 1 1 0 0 0 0    25.0   29.0
